                  Header
Time              K.E              T      
    0.000000    35128.644531   309.853302 
  100.000000    35737.015625   315.219452 
  200.000000    35401.789062   312.262573 
  300.000000    35717.289062   315.045502 
  400.000000    35252.562500   310.946320 
  500.000000    35242.996094   310.861969 
  600.000000    34734.894531   306.380219 
  700.000000    35213.574219   310.602386 
  800.000000    35101.480469   309.613678 
  900.000000    35575.742188   313.796936 
 1000.000000    34650.160156   305.632812 
 1100.000000    35091.992188   309.529999 
 1200.000000    35462.394531   312.797180 
 1300.000000    35442.222656   312.619202 
 1400.000000    34580.859375   305.021515 
 1500.000000    35531.574219   313.407349 
 1600.000000    35388.187500   312.142609 
 1700.000000    35619.085938   314.179260 
 1800.000000    35180.031250   310.306549 
 1900.000000    34810.363281   307.045898 
 2000.000000    35348.480469   311.792358 
 2100.000000    34975.898438   308.505981 
 2200.000000    34657.281250   305.695618 
 2300.000000    35226.750000   310.718689 
 2400.000000    35817.800781   315.932007 
 2500.000000    35010.031250   308.807098 
 2600.000000    35494.703125   313.082153 
 2700.000000    35220.531250   310.663788 
 2800.000000    35415.890625   312.386963 
 2900.000000    35304.578125   311.405090 
 3000.000000    35037.414062   309.048584 
 3100.000000    35459.179688   312.768799 
 3200.000000    34557.679688   304.817078 
 3300.000000    35404.218750   312.284027 
 3400.000000    35710.128906   314.982330 
 3500.000000    34878.839844   307.649841 
 3600.000000    35188.066406   310.377472 
 3700.000000    35698.312500   314.878052 
 3800.000000    35140.347656   309.956512 
 3900.000000    35524.386719   313.343994 
 4000.000000    35276.375000   311.156403 
 4100.000000    35099.226562   309.593811 
 4200.000000    34723.085938   306.276031 
 4300.000000    34716.734375   306.220093 
 4400.000000    34980.226562   308.544159 
 4500.000000    35174.859375   310.260986 
 4600.000000    35319.167969   311.533813 
 4700.000000    35486.808594   313.012512 
 4800.000000    34770.648438   306.695618 
 4900.000000    35587.128906   313.897400 
 5000.000000    35208.359375   310.556427 
 5100.000000    35329.824219   311.627808 
 5200.000000    35344.410156   311.756470 
 5300.000000    35413.554688   312.366364 
 5400.000000    35358.558594   311.881256 
 5500.000000    35225.046875   310.703583 
 5600.000000    34783.015625   306.804657 
 5700.000000    35063.582031   309.279419 
 5800.000000    35263.304688   311.041046 
 5900.000000    35276.664062   311.158936 
 6000.000000    35238.000000   310.817871 
 6100.000000    35130.621094   309.870728 
 6200.000000    35546.191406   313.536285 
 6300.000000    35734.234375   315.194885 
 6400.000000    35286.195312   311.242981 
 6500.000000    34904.714844   307.878143 
 6600.000000    35251.699219   310.938721 
 6700.000000    35300.535156   311.369507 
 6800.000000    35008.664062   308.795013 
 6900.000000    35275.281250   311.146759 
 7000.000000    35259.507812   311.007599 
 7100.000000    35563.089844   313.685394 
 7200.000000    35882.320312   316.501129 
 7300.000000    35051.507812   309.172943 
 7400.000000    35505.718750   313.179321 
 7500.000000    35449.828125   312.686310 
 7600.000000    34399.953125   303.425842 
 7700.000000    34749.144531   306.505951 
 7800.000000    35168.636719   310.206055 
 7900.000000    35058.523438   309.234833 
 8000.000000    35538.960938   313.472473 
 8100.000000    35484.121094   312.988831 
 8200.000000    34978.898438   308.532440 
 8300.000000    35229.359375   310.741669 
 8400.000000    34598.664062   305.178619 
 8500.000000    34571.164062   304.936035 
 8600.000000    35076.054688   309.389435 
 8700.000000    35517.066406   313.279419 
 8800.000000    35048.156250   309.143372 
 8900.000000    35320.015625   311.541321 
 9000.000000    35498.218750   313.113129 
 9100.000000    35033.988281   309.018372 
 9200.000000    34997.558594   308.697052 
 9300.000000    35258.191406   310.995972 
 9400.000000    34881.957031   307.677338 
 9500.000000    34993.523438   308.661469 
 9600.000000    35327.343750   311.605927 
 9700.000000    35498.796875   313.118256 
 9800.000000    34848.792969   307.384888 
 9900.000000    35149.519531   310.037445 
10000.000000    34620.789062   305.373749 
10100.000000    35039.593750   309.067841 
10200.000000    34963.859375   308.399780 
10300.000000    34856.925781   307.456635 
10400.000000    35242.023438   310.853363 
10500.000000    34947.351562   308.254211 
10600.000000    34558.890625   304.827789 
10700.000000    35288.625000   311.264465 
10800.000000    35471.148438   312.874359 
10900.000000    34943.570312   308.220856 
11000.000000    34578.570312   305.001343 
11100.000000    36289.882812   320.096069 
11200.000000    35111.968750   309.706207 
11300.000000    35334.296875   311.667267 
11400.000000    35690.230469   314.806793 
11500.000000    35366.789062   311.953827 
11600.000000    35179.437500   310.301300 
11700.000000    35076.566406   309.393982 
11800.000000    35079.867188   309.423096 
11900.000000    35192.585938   310.417297 
12000.000000    35176.222656   310.272949 
12100.000000    34319.109375   302.712738 
12200.000000    35268.300781   311.085144 
12300.000000    34721.257812   306.259918 
12400.000000    35157.738281   310.109924 
12500.000000    34674.886719   305.850952 
12600.000000    35136.789062   309.925171 
12700.000000    34801.832031   306.970642 
12800.000000    35471.890625   312.880951 
12900.000000    35493.953125   313.075500 
13000.000000    34662.058594   305.737793 
13100.000000    35382.468750   312.092163 
13200.000000    35157.828125   310.110748 
13300.000000    35020.851562   308.902496 
13400.000000    34555.210938   304.795319 
13500.000000    34671.042969   305.817047 
13600.000000    35741.984375   315.263367 
13700.000000    35195.109375   310.439545 
13800.000000    35129.839844   309.863861 
13900.000000    35410.640625   312.340668 
14000.000000    35617.031250   314.161133 
14100.000000    34664.683594   305.760925 
14200.000000    35410.070312   312.335663 
14300.000000    35234.746094   310.789154 
14400.000000    34630.062500   305.455536 
14500.000000    35397.636719   312.225952 
14600.000000    34669.722656   305.805389 
14700.000000    35074.382812   309.374725 
14800.000000    35292.347656   311.297241 
14900.000000    35731.792969   315.173431 
15000.000000    35150.898438   310.049622 
15100.000000    34648.757812   305.620483 
15200.000000    35286.703125   311.247528 
15300.000000    35454.546875   312.727905 
15400.000000    35255.570312   310.972870 
15500.000000    35081.812500   309.440247 
15600.000000    34750.500000   306.517883 
15700.000000    35059.386719   309.242371 
15800.000000    35160.910156   310.137909 
15900.000000    34822.351562   307.151611 
16000.000000    34572.703125   304.949585 
16100.000000    35109.863281   309.687653 
16200.000000    35242.632812   310.858795 
16300.000000    35234.222656   310.784576 
16400.000000    35113.320312   309.718170 
16500.000000    34717.242188   306.224518 
16600.000000    35304.875000   311.407715 
16700.000000    35251.519531   310.937103 
16800.000000    35068.046875   309.318787 
16900.000000    35023.324219   308.924316 
17000.000000    35266.109375   311.065826 
17100.000000    34883.539062   307.691315 
17200.000000    35652.652344   314.475342 
17300.000000    35267.277344   311.076111 
17400.000000    35206.484375   310.539917 
17500.000000    35228.429688   310.733490 
17600.000000    35071.882812   309.352631 
17700.000000    35030.691406   308.989319 
17800.000000    35479.031250   312.943909 
17900.000000    35255.855469   310.975403 
18000.000000    34923.578125   308.044525 
18100.000000    34869.242188   307.565277 
18200.000000    35376.265625   312.037445 
18300.000000    35136.937500   309.926483 
18400.000000    35207.761719   310.551178 
18500.000000    35441.535156   312.613129 
18600.000000    35298.730469   311.353516 
18700.000000    35219.582031   310.655426 
18800.000000    35111.820312   309.704926 
18900.000000    35330.835938   311.636749 
19000.000000    35368.351562   311.967682 
19100.000000    35443.175781   312.627655 
19200.000000    35662.210938   314.559631 
19300.000000    35780.765625   315.605347 
19400.000000    34859.441406   307.478821 
19500.000000    34897.468750   307.814240 
19600.000000    35198.828125   310.472382 
19700.000000    35569.363281   313.740631 
19800.000000    35659.460938   314.535400 
19900.000000    34706.210938   306.127228 
20000.000000    34673.757812   305.841003 
20100.000000    34707.554688   306.139099 
20200.000000    34647.230469   305.607025 
20300.000000    35386.648438   312.128998 
20400.000000    35185.171875   310.351898 
20500.000000    34883.906250   307.694580 
20600.000000    34810.554688   307.047577 
20700.000000    35108.664062   309.677094 
20800.000000    35503.804688   313.162415 
20900.000000    34907.132812   307.899445 
21000.000000    34638.570312   305.530579 
21100.000000    35556.203125   313.624634 
21200.000000    35305.156250   311.410217 
21300.000000    34901.109375   307.846313 
21400.000000    34948.867188   308.267609 
21500.000000    34736.968750   306.398529 
21600.000000    34612.117188   305.297241 
21700.000000    34869.414062   307.566711 
21800.000000    35526.726562   313.364624 
21900.000000    35412.753906   312.359283 
22000.000000    35190.000000   310.394531 
22100.000000    35442.945312   312.625641 
22200.000000    34964.320312   308.403900 
22300.000000    34981.039062   308.551361 
22400.000000    35456.792969   312.747803 
22500.000000    34932.777344   308.125671 
22600.000000    35245.812500   310.886810 
22700.000000    35057.992188   309.230103 
22800.000000    34812.812500   307.067474 
22900.000000    35441.308594   312.611176 
23000.000000    35342.261719   311.737518 
23100.000000    34764.949219   306.645386 
23200.000000    35569.695312   313.743622 
23300.000000    35557.652344   313.637329 
23400.000000    35007.265625   308.782654 
23500.000000    35304.101562   311.400940 
23600.000000    34959.824219   308.364227 
23700.000000    35561.218750   313.668884 
23800.000000    34820.601562   307.136200 
23900.000000    34916.863281   307.985291 
24000.000000    34710.351562   306.163757 
24100.000000    35742.121094   315.264496 
24200.000000    34654.789062   305.673645 
24300.000000    34689.070312   305.976044 
24400.000000    35336.242188   311.684418 
24500.000000    35263.828125   311.045685 
24600.000000    34821.417969   307.143402 
24700.000000    34330.566406   302.813843 
24800.000000    35046.570312   309.129333 
24900.000000    35127.914062   309.846863 
25000.000000    35291.105469   311.286316 
25100.000000    35097.648438   309.579895 
25200.000000    35423.832031   312.457001 
25300.000000    34907.492188   307.902649 
25400.000000    34980.898438   308.550140 
25500.000000    35252.523438   310.945984 
25600.000000    35415.738281   312.385651 
25700.000000    34968.085938   308.437103 
25800.000000    35443.757812   312.632782 
25900.000000    34825.109375   307.175964 
26000.000000    35108.085938   309.671967 
26100.000000    35099.562500   309.596741 
26200.000000    35067.300781   309.312195 
26300.000000    35329.847656   311.628052 
26400.000000    34887.097656   307.722748 
26500.000000    36087.066406   318.307098 
26600.000000    35440.808594   312.606812 
26700.000000    35082.144531   309.443176 
26800.000000    35153.710938   310.074402 
26900.000000    35029.304688   308.977081 
27000.000000    34620.921875   305.374908 
27100.000000    35214.773438   310.613007 
27200.000000    35414.054688   312.370758 
27300.000000    34376.218750   303.216461 
27400.000000    35282.632812   311.211578 
27500.000000    34845.207031   307.353271 
27600.000000    34697.210938   306.047821 
27700.000000    35639.964844   314.363434 
27800.000000    35671.656250   314.642914 
27900.000000    35892.085938   316.587250 
28000.000000    34553.421875   304.779541 
28100.000000    35266.472656   311.069061 
28200.000000    35264.296875   311.049805 
28300.000000    34832.261719   307.239014 
28400.000000    34914.050781   307.960480 
28500.000000    35559.453125   313.653290 
28600.000000    35407.132812   312.309753 
28700.000000    35067.199219   309.311371 
28800.000000    35251.300781   310.935211 
28900.000000    35448.988281   312.678925 
29000.000000    34522.406250   304.505981 
29100.000000    35671.429688   314.640930 
29200.000000    35437.898438   312.581085 
29300.000000    35012.195312   308.826202 
29400.000000    35056.421875   309.216278 
29500.000000    35391.707031   312.173615 
29600.000000    34940.117188   308.190430 
29700.000000    34896.726562   307.807678 
29800.000000    35161.070312   310.139343 
29900.000000    34872.925781   307.597717 
30000.000000    35243.531250   310.866669 
30100.000000    34683.074219   305.923157 
30200.000000    35017.371094   308.871796 
30300.000000    35015.738281   308.857422 
30400.000000    35069.546875   309.332031 
30500.000000    35408.671875   312.323273 
30600.000000    35167.085938   310.192413 
30700.000000    34956.566406   308.335480 
30800.000000    35101.890625   309.617310 
30900.000000    35190.492188   310.398834 
31000.000000    35253.902344   310.958160 
31100.000000    34622.406250   305.388031 
31200.000000    35451.136719   312.697845 
31300.000000    35225.804688   310.710327 
31400.000000    35029.632812   308.979980 
31500.000000    35115.664062   309.738800 
31600.000000    35278.132812   311.171875 
31700.000000    35024.742188   308.936829 
31800.000000    34664.230469   305.756927 
31900.000000    35022.214844   308.914490 
32000.000000    35145.957031   310.005981 
32100.000000    35162.765625   310.154266 
32200.000000    35383.347656   312.099915 
32300.000000    35437.496094   312.577545 
32400.000000    35494.937500   313.084198 
32500.000000    34834.281250   307.256866 
32600.000000    34928.355469   308.086639 
32700.000000    35601.820312   314.026978 
32800.000000    34866.546875   307.541473 
32900.000000    35460.300781   312.778717 
33000.000000    35147.285156   310.017761 
33100.000000    35316.578125   311.510986 
33200.000000    34917.406250   307.990112 
33300.000000    34634.015625   305.490417 
33400.000000    35586.406250   313.890991 
33500.000000    34998.476562   308.705139 
33600.000000    35294.351562   311.314941 
33700.000000    35359.953125   311.893585 
33800.000000    36021.613281   317.729736 
33900.000000    35672.484375   314.650238 
34000.000000    34602.082031   305.208771 
34100.000000    35146.625000   310.011871 
34200.000000    34586.175781   305.068420 
34300.000000    34435.179688   303.736572 
34400.000000    35260.511719   311.016418 
34500.000000    35282.375000   311.209320 
34600.000000    35391.855469   312.175018 
34700.000000    35783.984375   315.633759 
34800.000000    35038.402344   309.057312 
34900.000000    35399.257812   312.240265 
35000.000000    34869.851562   307.570648 
35100.000000    35224.367188   310.697632 
35200.000000    35256.011719   310.976715 
35300.000000    34709.867188   306.159485 
35400.000000    35041.839844   309.087646 
35500.000000    34917.156250   307.987823 
35600.000000    35124.148438   309.813660 
35700.000000    34995.421875   308.678192 
35800.000000    35202.710938   310.506622 
35900.000000    35400.089844   312.247620 
36000.000000    34952.007812   308.295288 
36100.000000    35167.292969   310.194214 
36200.000000    35272.894531   311.125702 
36300.000000    35807.492188   315.841125 
36400.000000    35506.242188   313.183960 
36500.000000    34871.371094   307.584015 
36600.000000    34915.210938   307.970734 
36700.000000    34686.007812   305.949036 
36800.000000    34980.847656   308.549683 
36900.000000    34975.734375   308.504517 
37000.000000    35549.062500   313.561584 
37100.000000    35245.207031   310.881439 
37200.000000    34953.406250   308.307617 
37300.000000    35482.382812   312.973480 
37400.000000    35447.949219   312.669769 
37500.000000    35003.187500   308.746735 
37600.000000    34888.171875   307.732178 
37700.000000    35348.937500   311.796387 
37800.000000    35430.597656   312.516693 
37900.000000    35027.761719   308.963470 
38000.000000    35288.062500   311.259430 
38100.000000    34846.789062   307.367218 
38200.000000    34915.019531   307.969025 
38300.000000    34609.734375   305.276184 
38400.000000    35927.703125   316.901398 
38500.000000    35464.234375   312.813385 
38600.000000    35383.707031   312.103088 
38700.000000    34749.769531   306.511444 
38800.000000    35828.871094   316.029663 
38900.000000    35160.945312   310.138245 
39000.000000    35240.601562   310.840820 
39100.000000    35097.250000   309.576385 
39200.000000    34908.242188   307.909241 
39300.000000    35442.117188   312.618347 
39400.000000    35306.628906   311.423248 
39500.000000    35557.132812   313.632843 
39600.000000    34922.917969   308.038727 
39700.000000    35071.582031   309.349976 
39800.000000    35405.414062   312.294586 
39900.000000    35425.679688   312.473328 
40000.000000    35144.511719   309.993256 
40100.000000    34538.230469   304.645508 
40200.000000    34882.867188   307.685425 
40300.000000    35391.738281   312.173920 
40400.000000    34782.476562   306.799957 
40500.000000    35291.976562   311.293945 
40600.000000    35328.429688   311.615540 
40700.000000    34968.171875   308.437866 
40800.000000    35123.675781   309.809479 
40900.000000    35721.039062   315.078583 
41000.000000    34369.574219   303.157928 
41100.000000    35477.898438   312.933899 
41200.000000    35227.015625   310.721008 
41300.000000    34954.320312   308.315674 
41400.000000    34592.261719   305.122101 
41500.000000    35104.054688   309.636383 
41600.000000    35529.558594   313.389557 
41700.000000    35645.199219   314.409607 
41800.000000    34756.277344   306.568878 
41900.000000    35086.402344   309.480743 
42000.000000    35903.015625   316.683655 
42100.000000    35091.421875   309.524994 
42200.000000    35327.582031   311.608093 
42300.000000    35471.113281   312.874084 
42400.000000    34810.625000   307.048218 
42500.000000    35145.847656   310.005066 
42600.000000    34676.187500   305.862396 
42700.000000    34924.402344   308.051727 
42800.000000    34959.386719   308.360352 
42900.000000    35463.382812   312.805908 
43000.000000    35092.179688   309.531677 
43100.000000    34792.476562   306.888153 
43200.000000    35552.023438   313.587738 
43300.000000    35449.085938   312.679718 
43400.000000    35022.960938   308.921173 
43500.000000    35126.402344   309.833527 
43600.000000    34954.667969   308.318756 
43700.000000    35783.187500   315.626709 
43800.000000    34940.246094   308.191498 
43900.000000    34740.347656   306.428345 
44000.000000    35641.867188   314.380188 
44100.000000    34856.773438   307.455292 
44200.000000    35195.820312   310.445862 
44300.000000    34630.308594   305.457733 
44400.000000    35578.410156   313.820465 
44500.000000    34888.609375   307.736084 
44600.000000    35168.542969   310.205231 
44700.000000    34904.062500   307.872437 
44800.000000    34964.695312   308.407196 
44900.000000    35167.171875   310.193146 
45000.000000    34671.339844   305.819641 
45100.000000    35229.558594   310.743469 
45200.000000    35279.867188   311.187164 
45300.000000    34605.644531   305.240173 
45400.000000    34907.218750   307.900177 
45500.000000    35232.035156   310.765289 
45600.000000    35077.472656   309.401917 
45700.000000    35485.417969   313.000244 
45800.000000    35265.398438   311.059540 
45900.000000    35101.226562   309.611481 
46000.000000    35345.871094   311.769379 
46100.000000    35355.578125   311.855011 
46200.000000    35140.968750   309.962036 
46300.000000    35190.996094   310.403320 
46400.000000    34938.656250   308.177490 
46500.000000    34389.531250   303.333954 
46600.000000    35472.859375   312.889465 
46700.000000    35586.359375   313.890625 
46800.000000    34963.156250   308.393646 
46900.000000    34989.609375   308.626923 
47000.000000    34885.281250   307.706726 
47100.000000    34919.398438   308.007629 
47200.000000    35198.949219   310.473419 
47300.000000    35132.390625   309.886353 
47400.000000    34823.593750   307.162598 
47500.000000    35345.152344   311.763031 
47600.000000    35843.441406   316.158203 
47700.000000    35393.968750   312.193573 
47800.000000    35034.707031   309.024750 
47900.000000    35661.195312   314.550659 
48000.000000    34819.890625   307.129944 
48100.000000    35647.097656   314.426300 
48200.000000    34901.890625   307.853241 
48300.000000    35466.187500   312.830597 
48400.000000    35104.707031   309.642181 
48500.000000    35119.402344   309.771759 
48600.000000    34673.304688   305.837006 
48700.000000    35093.304688   309.541595 
48800.000000    35195.261719   310.440918 
48900.000000    35446.332031   312.655457 
49000.000000    34978.007812   308.524658 
49100.000000    35295.015625   311.320831 
49200.000000    35472.968750   312.890442 
49300.000000    35858.679688   316.292664 
49400.000000    35733.375000   315.187347 
49500.000000    35256.800781   310.983673 
49600.000000    35003.425781   308.748810 
49700.000000    35622.363281   314.208221 
49800.000000    35012.890625   308.832306 
49900.000000    35534.488281   313.433105 
50000.000000    34867.031250   307.545776 
