   0.0087140454
  -0.0029845010
   0.0142474173
   0.0145104818
   0.0101091761
   0.0135284254
   0.0108828347
   0.0202833237
   0.0189349714
   0.0096834199
  -0.0206155714
  -0.0130428568
   0.0004757296
  -0.0327478937
  -0.0392048589
  -0.0364291666
  -0.0184164192
  -0.0179029810
  -0.0407482701
  -0.0466146262
  -0.0479109300
  -0.0444459960
  -0.0257323354
  -0.0334103532
  -0.0459649788
  -0.0497075385
  -0.0499760784
  -0.0404503704
  -0.0085964830
  -0.0380188712
  -0.0461754243
  -0.0454383825
  -0.0312453946
  -0.0157729508
  -0.0226878106
  -0.0370406787
  -0.0136300206
   0.0010600684
   0.0007145262
   0.0038782436
  -0.0022489497
  -0.0200912142
  -0.0153059211
  -0.0066633233
  -0.0234193397
  -0.0168281842
   0.0086665342
  -0.0155492972
  -0.0214037041
  -0.0051921000
  -0.0125971002
  -0.0098574133
   0.0056336649
   0.0020112753
   0.0119945301
  -0.0013687209
   0.0097104850
   0.0134710431
   0.0144789020
  -0.0083802806
   0.0087917289
   0.0136243385
   0.0135771902
  -0.0066047461
   0.0093576817
   0.0111919818
   0.0051384138
   0.0156956081
   0.0157857910
   0.0113482095
   0.0163965994
   0.0182145567
   0.0159922653
   0.0100204609
   0.0218469437
   0.0124967907
   0.0168025268
   0.0174669117
   0.0149824457
   0.0178085918
   0.0137870247
   0.0170649320
   0.0174735367
   0.0178674937
   0.0137127851
   0.0147907601
   0.0130588018
   0.0151730471
   0.0162239027
   0.0147717167
   0.0090160922
   0.0288470506
   0.0203647451
   0.0392670072
   0.0322451805
   0.0099238822
   0.0312479901
   0.0389495852
   0.0265044574
   0.0329654137
   0.0293045182
   0.0182397027
   0.0152670342
   0.0078286145
   0.0118698092
   0.0124979305
   0.0117207952
   0.0083857380
   0.0059350773
   0.0089373478
   0.0074272411
   0.0145412096
   0.0046448229
  -0.0046409503
   0.0138744317
   0.0001770661
   0.0101177170
   0.0035661925
  -0.0116407118
  -0.0203051456
  -0.0271001190
  -0.0240565403
  -0.0087665657
  -0.0258789242
  -0.0339070529
  -0.0356438506
  -0.0330219542
  -0.0218950601
  -0.0160103340
  -0.0321102610
  -0.0379637182
  -0.0396369787
  -0.0380315145
  -0.0290606665
  -0.0259999235
  -0.0360210166
  -0.0396206152
  -0.0390476029
  -0.0310302659
  -0.0134762046
  -0.0101056602
  -0.0292998470
  -0.0359467782
  -0.0347727996
  -0.0242443149
  -0.0142272671
  -0.0184878450
  -0.0285962801
  -0.0074446904
   0.0002661541
   0.0009222407
   0.0029881399
  -0.0002281349
  -0.0119945214
  -0.0097023002
   0.0070989967
  -0.0035192076
  -0.0152796204
  -0.0114738465
   0.0041770266
  -0.0139814114
  -0.0136714069
  -0.0007374272
  -0.0096314949
  -0.0111032031
   0.0020526424
  -0.0035899462
  -0.0034618518
   0.0040320960
  -0.0026093104
   0.0051546996
   0.0095715255
   0.0115425287
  -0.0041635736
   0.0059676852
   0.0101084906
   0.0113821588
  -0.0186934208
   0.0010733132
   0.0083094290
   0.0103926070
   0.0113465643
  -0.0113437050
   0.0023637390
   0.0075946747
   0.0024373202
   0.0128916754
   0.0110602784
   0.0047436364
   0.0136257965
   0.0137605060
   0.0116001427
   0.0049981547
   0.0122622313
   0.0140377911
   0.0143804920
   0.0123040689
   0.0097625555
   0.0149198668
   0.0115529162
   0.0135775289
   0.0133545489
   0.0114634875
   0.0137748514
   0.0106136280
   0.0133569870
   0.0137079847
   0.0144833698
   0.0134984658
   0.0101949619
   0.0122655996
   0.0110174073
   0.0124569541
   0.0136373905
   0.0135569204
   0.0114278681
   0.0055814180
   0.0132698935
   0.0191343238
   0.0152569080
   0.0281721005
   0.0241056200
   0.0117250486
   0.0227981655
   0.0305745235
   0.0249121005
   0.0068216479
   0.0164929951
   0.0277668063
   0.0271175149
   0.0160330711
   0.0248371396
   0.0183339989
   0.0155586162
   0.0078989887
   0.0073887642
   0.0021366810
   0.0097291469
   0.0106277471
   0.0111805289
   0.0109307701
   0.0083265677
  -0.0009048203
   0.0102186408
   0.0107547965
   0.0095982916
   0.0062206450
   0.0032541989
   0.0067393643
   0.0054436214
   0.0109414741
   0.0042749770
  -0.0041515247
  -0.0009565952
   0.0103686681
   0.0046177355
   0.0047861880
  -0.0024656932
   0.0051350570
   0.0003322325
  -0.0082205933
  -0.0134998465
  -0.0207908087
  -0.0201053165
  -0.0117100057
  -0.0181391823
  -0.0263478316
  -0.0286906726
  -0.0273437270
  -0.0207096310
  -0.0098274098
  -0.0241101717
  -0.0301793902
  -0.0321788342
  -0.0313394726
  -0.0259219636
  -0.0194275026
  -0.0282418329
  -0.0319869380
  -0.0321204134
  -0.0275199521
  -0.0160276546
  -0.0070159106
  -0.0229768858
  -0.0290003691
  -0.0277030660
  -0.0184809869
  -0.0103694848
  -0.0138437941
  -0.0225186656
  -0.0037281700
   0.0017152234
   0.0021204958
   0.0042262313
  -0.0071497848
  -0.0058841969
   0.0057302813
  -0.0051276701
  -0.0105189875
  -0.0058805561
   0.0056976775
  -0.0029821069
  -0.0100282546
  -0.0078037134
   0.0027016065
  -0.0069151073
  -0.0056594970
   0.0051146156
  -0.0022511157
   0.0006035696
   0.0039704384
   0.0015734145
   0.0066053264
   0.0092143839
  -0.0102610525
   0.0015100281
   0.0067388439
   0.0089983004
   0.0101083792
  -0.0047765556
   0.0041529686
   0.0076884617
   0.0090687190
  -0.0136604594
   0.0002784643
   0.0058286421
   0.0007514187
   0.0107400592
   0.0080992278
   0.0003987239
   0.0113866203
   0.0116489599
   0.0109695940
   0.0081566622
   0.0006771862
   0.0110658058
   0.0118787483
   0.0113346208
   0.0090121824
   0.0095281717
   0.0110204885
   0.0105770834
   0.0089108089
   0.0110421262
   0.0078986437
   0.0105921198
   0.0111350448
   0.0118985984
   0.0109456522
   0.0076801821
   0.0097171228
   0.0085458562
   0.0098605449
   0.0111482069
   0.0116544130
   0.0109894122
   0.0083117405
   0.0017045603
   0.0146836098
   0.0113267404
   0.0219557394
   0.0186621549
   0.0089197769
   0.0184319678
   0.0237372373
   0.0189006658
   0.0046921173
   0.0144625109
   0.0221395571
   0.0204723375
   0.0113388937
   0.0112218051
   0.0197009047
   0.0125635914
   0.0114798280
   0.0010566546
   0.0051911691
   0.0078222727
   0.0092359010
   0.0100057098
   0.0089419830
   0.0053571425
   0.0087792300
   0.0091301859
   0.0096730850
   0.0089536832
   0.0086520024
   0.0077778549
  -0.0016758019
   0.0044898528
   0.0065177647
   0.0014488005
   0.0042642221
   0.0034966978
  -0.0015614481
   0.0006464335
   0.0074701880
   0.0035284082
   0.0014265990
  -0.0035939085
   0.0022230705
  -0.0013716261
  -0.0071312833
  -0.0138446397
  -0.0144438034
  -0.0098007852
  -0.0102787339
  -0.0185408161
  -0.0213844876
  -0.0208311466
  -0.0165965226
   0.0002437788
  -0.0145425165
  -0.0216750276
  -0.0247787927
  -0.0254771425
  -0.0239374620
  -0.0190868241
  -0.0100527733
  -0.0197950332
  -0.0248669523
  -0.0269107883
  -0.0267097891
  -0.0236724060
  -0.0160294615
  -0.0162007043
  -0.0225559397
  -0.0258345063
  -0.0264005761
  -0.0239795215
  -0.0176910501
  -0.0082262225
  -0.0185374930
  -0.0232934114
  -0.0221063530
  -0.0150938127
  -0.0093678816
  -0.0117607301
  -0.0180952241
  -0.0015023117
   0.0014526632
   0.0020132672
   0.0036296366
  -0.0038309441
  -0.0034048425
   0.0102012739
   0.0048621590
  -0.0047779069
  -0.0066328407
  -0.0028340254
   0.0042803013
  -0.0041744267
  -0.0071894031
  -0.0044167919
   0.0031727632
  -0.0050362509
  -0.0055038929
  -0.0006292805
   0.0085971122
  -0.0031723608
  -0.0012919478
   0.0065675269
   0.0003377790
   0.0030248922
   0.0035278710
   0.0058304748
  -0.0009080226
   0.0043167833
   0.0070311524
   0.0085542302
  -0.0033750659
   0.0031616703
   0.0063179575
   0.0078795637
  -0.0061675158
   0.0019878724
   0.0055856175
   0.0073335114
  -0.0011741019
   0.0040561206
   0.0065608990
   0.0101038440
   0.0096043185
   0.0080677529
   0.0041673821
   0.0099793766
   0.0100484078
   0.0091903960
   0.0067556016
   0.0092899555
   0.0098636809
   0.0094414900
   0.0079046152
   0.0077990943
   0.0089025539
   0.0084465732
   0.0069326981
   0.0090726201
   0.0066934561
   0.0086386430
   0.0093451558
   0.0099582905
   0.0091373588
   0.0066460056
   0.0076782873
   0.0075214183
   0.0086777754
   0.0097176795
   0.0100832717
   0.0094501802
   0.0072003148
   0.0023477069
   0.0098966242
   0.0101035418
   0.0095977802
   0.0103531762
   0.0162705520
   0.0138912414
   0.0071714226
   0.0133701917
   0.0187640373
   0.0155423463
   0.0067871565
   0.0119521584
   0.0175238517
   0.0180011216
   0.0130192222
   0.0128958882
   0.0176866757
   0.0140653179
   0.0050765346
   0.0144585322
   0.0073350673
