#! FIELDS phi psi file.free der_phi der_psi
#! SET min_phi -pi
#! SET max_phi pi
#! SET nbins_phi  33
#! SET periodic_phi true
#! SET min_psi -pi
#! SET max_psi pi
#! SET nbins_psi  18
#! SET periodic_psi true
   -3.141592654   -3.141592654 -128.021767117  -53.200485881   19.246435740
   -2.951193099   -3.141592654 -136.367458642  -33.955240077   21.398156216
   -2.760793544   -3.141592654 -140.861171842  -13.687399862   22.525786641
   -2.570393989   -3.141592654 -141.829759937    2.392784839   22.872532247
   -2.379994435   -3.141592654 -140.398907011   11.306014326   22.942466914
   -2.189594880   -3.141592654 -137.967750078   13.174394202   23.375986204
   -1.999195325   -3.141592654 -135.642891301   10.845248311   24.741709328
   -1.808795770   -3.141592654 -133.833174294    8.474280340   27.283198435
   -1.618396215   -3.141592654 -132.166982147    9.849499336   30.751589928
   -1.427996661   -3.141592654 -129.711846521   16.851094044   34.424333681
   -1.237597106   -3.141592654 -125.428131241   28.649544677   37.335344257
   -1.047197551   -3.141592654 -118.677450166   42.069001687   38.606059426
   -0.856797996   -3.141592654 -109.567896930   52.659073732   37.692999647
   -0.666398442   -3.141592654  -99.038019243   56.343357569   34.469756024
   -0.475998887   -3.141592654  -88.665064586   50.873361987   29.162621984
   -0.285599332   -3.141592654  -80.237094559   36.103132187   22.242231991
   -0.095199777   -3.141592654  -75.352653023   14.169915498   14.333105015
    0.095199777   -3.141592654  -75.018569688  -10.864355651    6.174497807
    0.285599332   -3.141592654  -79.317058966  -33.497986895   -1.448239045
    0.475998887   -3.141592654  -87.213938431  -47.696247716   -7.783201067
    0.666398442   -3.141592654  -96.614203607  -48.691573840  -12.238402848
    0.856797996   -3.141592654 -104.804582546  -35.191355939  -14.507995972
    1.047197551   -3.141592654 -109.283088327  -10.693430181  -14.666574888
    1.237597106   -3.141592654 -108.649832119   17.013097756  -13.160334939
    1.427996661   -3.141592654 -103.174054601   38.725248908  -10.649436162
    1.618396215   -3.141592654  -94.731093691   47.362902211   -7.762359136
    1.808795770   -3.141592654  -86.127733842   40.442822439   -4.866377492
    1.999195325   -3.141592654  -80.168358580   20.345851973   -1.993221257
    2.189594880   -3.141592654  -78.846823375   -7.125997410    1.055550809
    2.379994435   -3.141592654  -82.897376215  -34.906029093    4.484167533
    2.570393989   -3.141592654  -91.737183056  -56.485831260    8.320787821
    2.760793544   -3.141592654 -103.712919104  -67.327515903   12.337227406
    2.951193099   -3.141592654 -116.569425114  -65.715482317   16.124555750

   -3.141592654   -2.792526803 -119.648943233  -49.501820133   28.335751490
   -2.951193099   -2.792526803 -127.507808753  -32.530764375   30.147506117
   -2.760793544   -2.792526803 -131.918433619  -14.129311005   30.670470488
   -2.570393989   -2.792526803 -133.081210612    0.975189093   30.348598224
   -2.379994435   -2.792526803 -131.918826895   10.114769146   29.831040354
   -2.189594880   -2.792526803 -129.593606479   13.442512164   29.789179837
   -1.999195325   -2.792526803 -127.003852215   13.454778809   30.710812906
   -1.808795770   -2.792526803 -124.457162805   13.550144278   32.696968082
   -1.618396215   -2.792526803 -121.651374990   16.518242996   35.353657731
   -1.427996661   -2.792526803 -117.910536053   23.348639205   37.840261808
   -1.237597106   -2.792526803 -112.579137836   32.815160201   39.118212079
   -1.047197551   -2.792526803 -105.413398549   42.021877451   38.307159610
   -0.856797996   -2.792526803  -96.804355193   47.379949215   34.973812979
   -0.666398442   -2.792526803  -87.780674189   45.918294351   29.238837955
   -0.475998887   -2.792526803  -79.803083581   36.402917241   21.685562001
   -0.285599332   -2.792526803  -74.376394546   19.392977846   13.159313868
   -0.095199777   -2.792526803  -72.719529298   -2.652450233    4.579211674
    0.095199777   -2.792526803  -75.435401559  -25.760697104   -3.181320814
    0.285599332   -2.792526803  -82.253908219  -44.847540198   -9.397948478
    0.475998887   -2.792526803  -91.893009820  -54.551805567  -13.565083892
    0.666398442   -2.792526803 -102.152700660  -50.901097995  -15.483101180
    0.856797996   -2.792526803 -110.366743412  -33.373929166  -15.302653261
    1.047197551   -2.792526803 -114.209933146   -6.050056867  -13.489325585
    1.237597106   -2.792526803 -112.537302979   23.078652460  -10.690381631
    1.427996661   -2.792526803 -105.869207901   45.046420519   -7.513858188
    1.618396215   -2.792526803  -96.251218556   53.360008578   -4.321710688
    1.808795770   -2.792526803  -86.535625881   46.196871837   -1.136908428
    1.999195325   -2.792526803  -79.466431132   26.349887063    2.275251613
    2.189594880   -2.792526803  -76.938032196   -0.404629208    6.205690946
    2.379994435   -2.792526803  -79.629860825  -27.393890664   10.769106599
    2.570393989   -2.792526803  -86.996741810  -48.656211145   15.781328780
    2.760793544   -2.792526803  -97.516730284  -60.040057526   20.768326368
    2.951193099   -2.792526803 -109.110636633  -59.897644038   25.127433323

   -3.141592654   -2.443460953 -110.224662614  -45.461565794   24.995479225
   -2.951193099   -2.443460953 -117.539223754  -30.821064339   26.390974388
   -2.760793544   -2.443460953 -121.809071353  -14.231266522   26.703219844
   -2.570393989   -2.443460953 -123.090723880    0.008534929   26.341012931
   -2.379994435   -2.443460953 -122.107647827    9.372841811   25.828198080
   -2.189594880   -2.443460953 -119.827380441   13.832489863   25.636117787
   -1.999195325   -2.443460953 -117.017798092   15.388079256   26.031434673
   -1.808795770   -2.443460953 -113.975576944   16.705011560   26.955755613
   -1.618396215   -2.443460953 -110.535777318   19.783538090   27.992672576
   -1.427996661   -2.443460953 -106.294126648   25.050207096   28.440862850
   -1.237597106   -2.443460953 -100.927243404   31.248185651   27.529736967
   -1.047197551   -2.443460953  -94.468731795   36.066174660   24.704472150
   -0.856797996   -2.443460953  -87.428242606   36.950606383   19.848101286
   -0.666398442   -2.443460953  -80.745696447   32.013745348   13.341570785
   -0.475998887   -2.443460953  -75.612561327   20.770212802    5.940837655
   -0.285599332   -2.443460953  -73.167346440    4.045390401   -1.455906592
   -0.095199777   -2.443460953  -74.258132563  -15.885883936   -8.021736895
    0.095199777   -2.443460953  -79.182929566  -35.554224319  -13.131574649
    0.285599332   -2.443460953  -87.479680480  -50.514886528  -16.435913902
    0.475998887   -2.443460953  -97.799716110  -56.082779718  -17.859186311
    0.666398442   -2.443460953 -108.000646078  -48.891721910  -17.587495856
    0.856797996   -2.443460953 -115.576746227  -28.863984390  -16.010929775
    1.047197551   -2.443460953 -118.422774412   -0.268048589  -13.615913069
    1.237597106   -2.443460953 -115.616622344   29.071506657  -10.859163607
    1.427996661   -2.443460953 -107.839612582   50.662865499   -8.032564531
    1.618396215   -2.443460953  -97.192300668   58.611517111   -5.192435647
    1.808795770   -2.443460953  -86.475799613   51.562857209   -2.192358357
    1.999195325   -2.443460953  -78.323910430   32.446563330    1.192704902
    2.189594880   -2.443460953  -74.531015810    6.794738002    5.116730359
    2.379994435   -2.443460953  -75.750805658  -19.205094230    9.538419715
    2.570393989   -2.443460953  -81.511031001  -40.124105836   14.192336902
    2.760793544   -2.443460953  -90.448790121  -52.138250318   18.632031021
    2.951193099   -2.443460953 -100.676144588  -53.609574796   22.364355613

   -3.141592654   -2.094395102 -103.618539362  -42.185582231   14.277921569
   -2.951193099   -2.094395102 -110.456984980  -29.070163372   15.133859839
   -2.760793544   -2.094395102 -114.513457635  -13.660862831   15.416336175
   -2.570393989   -2.094395102 -115.754775275   -0.038094254   15.368516620
   -2.379994435   -2.094395102 -114.793346895    9.271797278   15.216519696
   -2.189594880   -2.094395102 -112.508833059   14.004926958   15.077831343
   -1.999195325   -2.094395102 -109.643490240   15.748199442   14.917625588
   -1.808795770   -2.094395102 -106.556534324   16.687185238   14.543085209
   -1.618396215   -2.094395102 -103.230591191   18.427122807   13.647756861
   -1.427996661   -2.094395102  -99.461635043   21.279591224   11.882521620
   -1.237597106   -2.094395102  -95.107640861   24.314896563    8.980573369
   -1.047197551   -2.094395102  -90.280105480   25.950620462    4.893949381
   -0.856797996   -2.094395102  -85.405440581   24.541182836   -0.127070796
   -0.666398442   -2.094395102  -81.181832832   18.906543458   -5.561570349
   -0.475998887   -2.094395102  -78.467426140    8.769551496  -10.754105141
   -0.285599332   -2.094395102  -78.079084883   -5.355586844  -15.105245466
   -0.095199777   -2.094395102  -80.640908189  -21.851696525  -18.217064943
    0.095199777   -2.094395102  -86.362401112  -37.994067748  -19.951689201
    0.285599332   -2.094395102  -94.824381829  -49.917400997  -20.421699309
    0.475998887   -2.094395102 -104.806312880  -53.271924222  -19.897334490
    0.666398442   -2.094395102 -114.333097918  -44.763115502  -18.711667672
    0.856797996   -2.094395102 -121.061618976  -24.186831702  -17.159557607
    1.047197551   -2.094395102 -123.010645198    4.427012551  -15.417814208
    1.237597106   -2.094395102 -119.328766675   33.569222309  -13.531253506
    1.427996661   -2.094395102 -110.709111141   55.049479888  -11.436149029
    1.618396215   -2.094395102  -99.215536667   63.165379751   -9.020540462
    1.808795770   -2.094395102  -87.589960735   56.595190604   -6.206140967
    1.999195325   -2.094395102  -78.416673956   38.147780674   -3.005726390
    2.189594880   -2.094395102  -73.473296775   13.137543821    0.466692161
    2.379994435   -2.094395102  -73.442321511  -12.481451394    4.012104879
    2.570393989   -2.094395102  -77.921181280  -33.487549995    7.391809931
    2.760793544   -2.094395102  -85.647713102  -46.155679300   10.355580904
    2.951193099   -2.094395102  -94.840434102  -48.820204497   12.694424715

   -3.141592654   -1.745329252 -101.319318962  -40.416404939    4.560245017
   -2.951193099   -1.745329252 -107.891102511  -28.021675252    5.238203078
   -2.760793544   -1.745329252 -111.804906475  -13.189945682    5.744907907
   -2.570393989   -1.745329252 -113.001091445   -0.028420766    6.053586617
   -2.379994435   -1.745329252 -112.081367318    8.802906930    6.053445229
   -2.189594880   -1.745329252 -109.946369333   12.856552036    5.560844549
   -1.999195325   -1.745329252 -107.391736576   13.566340197    4.373347376
   -1.808795770   -1.745329252 -104.851172000   13.067834107    2.338529002
   -1.618396215   -1.745329252 -102.378626832   13.042150033   -0.581731949
   -1.427996661   -1.745329252  -99.813570249   14.031790714   -4.287269553
   -1.237597106   -1.745329252  -96.996818185   15.508931867   -8.533259656
   -1.047197551   -1.745329252  -93.936227828   16.373411748  -12.942241914
   -0.856797996   -1.745329252  -90.865789724   15.390831620  -17.044264921
   -0.666398442   -1.745329252  -88.238286912   11.504930648  -20.352311118
   -0.475998887   -1.745329252  -86.680816372    4.152656742  -22.470373594
   -0.285599332   -1.745329252  -86.866874809   -6.758765875  -23.214600181
   -0.095199777   -1.745329252  -89.408208833  -20.335166913  -22.681522514
    0.095199777   -1.745329252  -94.630244591  -34.447483403  -21.234973520
    0.285599332   -1.745329252 -102.317120903  -45.512924666  -19.408045794
    0.475998887   -1.745329252 -111.468383770  -49.101909666  -17.712606570
    0.666398442   -1.745329252 -120.281630909  -41.510064489  -16.470268890
    0.856797996   -1.745329252 -126.491492244  -21.957764335  -15.708764174
    1.047197551   -1.745329252 -128.085131329    6.034237221  -15.173698459
    1.237597106   -1.745329252 -124.101539574   35.243058101  -14.474675187
    1.427996661   -1.745329252 -115.101648014   57.449128965  -13.264951506
    1.618396215   -1.745329252 -103.050555675   66.630535007  -11.387293306
    1.808795770   -1.745329252  -90.665774779   61.047517310   -8.928505629
    1.999195325   -1.745329252  -80.580319053   43.182395572   -6.166705799
    2.189594880   -1.745329252  -74.662441083   18.240825127   -3.438703957
    2.379994435   -1.745329252  -73.687175143   -7.731249672   -1.016557093
    2.570393989   -1.745329252  -77.317183377  -29.356948803    0.967663360
    2.760793544   -1.745329252  -84.327400433  -42.776253002    2.508300997
    2.951193099   -1.745329252  -92.952320545  -46.255691240    3.678943066

   -3.141592654   -1.396263402 -103.210905579  -39.843051222    1.766671023
   -2.951193099   -1.396263402 -109.640906830  -27.112210222    1.857424406
   -2.760793544   -1.396263402 -113.357893456  -12.087307360    1.858022631
   -2.570393989   -1.396263402 -114.355137651    0.863952020    1.672288990
   -2.379994435   -1.396263402 -113.332080768    8.879177555    1.086393248
   -2.189594880   -1.396263402 -111.314887186   11.432168851   -0.189941751
   -1.999195325   -1.396263402 -109.222141967   10.063348960   -2.415656508
   -1.808795770   -1.396263402 -107.569744787    7.238378803   -5.688254575
   -1.618396215   -1.396263402 -106.412674589    5.143022612   -9.846949413
   -1.427996661   -1.396263402 -105.486944462    4.891888011  -14.472838626
   -1.237597106   -1.396263402 -104.426550191    6.444679627  -18.975478876
   -1.047197551   -1.396263402 -102.963706324    8.908787535  -22.726630054
   -0.856797996   -1.396263402 -101.050716388   10.889937949  -25.193997548
   -0.666398442   -1.396263402  -98.925889265   10.805098172  -26.041919544
   -0.475998887   -1.396263402  -97.128536571    7.309810055  -25.195135237
   -0.285599332   -1.396263402  -96.401491573   -0.518277179  -22.877579003
   -0.095199777   -1.396263402  -97.573033921  -12.472619972  -19.594093361
    0.095199777   -1.396263402 -101.286685363  -26.777288745  -16.039770653
    0.285599332   -1.396263402 -107.669499873  -39.723413864  -12.932276665
    0.475998887   -1.396263402 -115.989334097  -46.255461923  -10.788490265
    0.666398442   -1.396263402 -124.554193899  -41.673410496   -9.764415834
    0.856797996   -1.396263402 -131.012715051  -24.179200077   -9.624349657
    1.047197551   -1.396263402 -133.101517385    3.329870951   -9.854327996
    1.237597106   -1.396263402 -129.548800748   33.632761173   -9.892077071
    1.427996661   -1.396263402 -120.665612798   57.904656412   -9.336855476
    1.618396215   -1.396263402 -108.318189479   69.206291135   -8.063896000
    1.808795770   -1.396263402  -95.295139373   64.992062288   -6.225479534
    1.999195325   -1.396263402  -84.415907376   47.378012887   -4.150060215
    2.189594880   -1.396263402  -77.754034758   21.723250548   -2.191816770
    2.379994435   -1.396263402  -76.224743255   -5.426395027   -0.606230782
    2.570393989   -1.396263402  -79.526012410  -28.155119484    0.509827290
    2.760793544   -1.396263402  -86.380467053  -42.247462724    1.198201957
    2.951193099   -1.396263402  -94.927540188  -45.898118453    1.578248449

   -3.141592654   -1.047197551 -106.228569161  -41.278352623    3.823987748
   -2.951193099   -1.047197551 -112.891824111  -28.102995334    2.973893930
   -2.760793544   -1.047197551 -116.752410196  -12.639679153    2.038658212
   -2.570393989   -1.047197551 -117.839274365    0.378850750    0.967591799
   -2.379994435   -1.047197551 -116.955205874    7.767163912   -0.449049214
   -2.189594880   -1.047197551 -115.273436009    8.894972653   -2.532074494
   -1.999195325   -1.047197551 -113.847561051    5.541623422   -5.562388518
   -1.808795770   -1.047197551 -113.249053043    0.752474380   -9.589571591
   -1.618396215   -1.047197551 -113.459646282   -2.553957759  -14.296514246
   -1.427996661   -1.047197551 -114.009757620   -2.655196600  -19.024050247
   -1.237597106   -1.047197551 -114.244283468    0.648625122  -22.954515788
   -1.047197551   -1.047197551 -113.606554754    6.221048015  -25.363439164
   -0.856797996   -1.047197551 -111.845821976   12.028589918  -25.830377663
   -0.666398442   -1.047197551 -109.141039101   15.666864210  -24.325723333
   -0.475998887   -1.047197551 -106.128783343   15.000844165  -21.183789773
   -0.285599332   -1.047197551 -103.781378874    8.529633534  -17.019710332
   -0.095199777   -1.047197551 -103.237248402   -3.789481988  -12.584458939
    0.095199777   -1.047197551 -105.460208607  -20.032796128   -8.607500725
    0.285599332   -1.047197551 -110.830197864  -35.932467170   -5.621625306
    0.475998887   -1.047197551 -118.730045289  -45.584720064   -3.827458028
    0.666398442   -1.047197551 -127.412706803  -43.406418480   -3.071887949
    0.856797996   -1.047197551 -134.326438919  -26.991531082   -2.954191202
    1.047197551   -1.047197551 -136.937242781    0.864848309   -2.991576552
    1.237597106   -1.047197551 -133.731198973   32.560802919   -2.792892501
    1.427996661   -1.047197551 -124.882232321   58.604363985   -2.150527888
    1.618396215   -1.047197551 -112.252021745   71.368647671   -1.044833868
    1.808795770   -1.047197551  -98.736154286   67.847717225    0.390935723
    1.999195325   -1.047197551  -87.318057769   50.036333505    1.928005085
    2.189594880   -1.047197551  -80.226169767   23.491481629    3.312955888
    2.379994435   -1.047197551  -78.473055665   -4.859798888    4.334791887
    2.570393989   -1.047197551  -81.777663904  -28.708514741    4.869974484
    2.760793544   -1.047197551  -88.817821477  -43.561726935    4.904248275
    2.951193099   -1.047197551  -97.649547945  -47.500356516    4.514098545

   -3.141592654   -0.698131701 -106.810080228  -44.636880554    4.248804809
   -2.951193099   -0.698131701 -114.099358290  -31.270950375    2.067715368
   -2.760793544   -0.698131701 -118.532870059  -15.501187079   -0.168713404
   -2.570393989   -0.698131701 -120.155113354   -2.463356666   -2.363769134
   -2.379994435   -0.698131701 -119.858155291    4.320704146   -4.629175058
   -2.189594880   -0.698131701 -118.945143218    4.172752963   -7.247881591
   -1.999195325   -0.698131701 -118.568688899   -0.753314064  -10.482527014
   -1.808795770   -0.698131701 -119.289706418   -6.665503973  -14.323243057
   -1.618396215   -0.698131701 -120.926889107   -9.859325225  -18.332815977
   -1.427996661   -0.698131701 -122.725672538   -8.182902505  -21.719953975
   -1.237597106   -0.698131701 -123.721908903   -1.624367672  -23.633603244
   -1.047197551   -0.698131701 -123.141907392    7.928105519  -23.515873686
   -0.856797996   -0.698131701 -120.689574714   17.462796837  -21.328091853
   -0.666398442   -0.698131701 -116.677299790   23.731394255  -17.538243694
   -0.475998887   -0.698131701 -112.002855637   24.106865229  -12.920054570
   -0.285599332   -0.698131701 -107.954811680   17.022840889   -8.298196098
   -0.095199777   -0.698131701 -105.963653945    2.728239535   -4.306014711
    0.095199777   -0.698131701 -107.199664598  -16.252681624   -1.256746174
    0.285599332   -0.698131701 -112.115674118  -34.872892144    0.886370694
    0.475998887   -0.698131701 -120.017484331  -46.486179764    2.408943578
    0.666398442   -0.698131701 -128.962214440  -45.053200983    3.659468272
    0.856797996   -0.698131701 -136.159171763  -28.155983801    4.853276325
    1.047197551   -0.698131701 -138.875415469    0.993124358    6.003794672
    1.237597106   -0.698131701 -135.499506566   34.186722517    6.987477634
    1.427996661   -0.698131701 -126.219356594   61.413674753    7.689528352
    1.618396215   -0.698131701 -112.987957701   74.757344157    8.116177405
    1.808795770   -0.698131701  -98.824470907   71.149392815    8.378738301
    1.999195325   -0.698131701  -86.833707632   52.661503217    8.587948752
    2.189594880   -0.698131701  -79.342997785   24.999603071    8.754739815
    2.379994435   -0.698131701  -77.430983130   -4.721081305    8.765363584
    2.570393989   -0.698131701  -80.843597673  -29.955352226    8.427251235
    2.760793544   -0.698131701  -88.237566261  -45.968954429    7.576308188
    2.951193099   -0.698131701  -97.604799624  -50.640173313    6.154489955

   -3.141592654   -0.349065850 -105.856852287  -50.009132946    3.753830376
   -2.951193099   -0.349065850 -114.198484241  -36.841271517    0.540250523
   -2.760793544   -0.349065850 -119.670452447  -20.775660255   -2.569545518
   -2.570393989   -0.349065850 -122.257028095   -7.334741529   -5.416086185
   -2.379994435   -0.349065850 -122.872931159   -0.478432918   -8.079058521
   -2.189594880   -0.349065850 -122.907013085   -1.047593803  -10.814869676
   -1.999195325   -0.349065850 -123.583645778   -6.566082532  -13.826585210
   -1.808795770   -0.349065850 -125.429572973  -12.500192551  -16.991878335
   -1.618396215   -0.349065850 -128.080188118  -14.401999762  -19.743764232
   -1.427996661   -0.349065850 -130.495397344   -9.869832940  -21.235092288
   -1.237597106   -0.349065850 -131.450693876    0.593368233  -20.740637517
   -1.047197551   -0.349065850 -130.070457637   14.005257275  -18.056895768
   -0.856797996   -0.349065850 -126.181248348   26.197909841  -13.658706119
   -0.666398442   -0.349065850 -120.402147424   33.214802024   -8.510542151
   -0.475998887   -0.349065850 -114.006930052   32.402804232   -3.668424400
   -0.285599332   -0.349065850 -108.603793563   22.810760676    0.103890037
   -0.095199777   -0.349065850 -105.786030121    5.641819303    2.576259974
    0.095199777   -0.349065850 -106.698086987  -15.594250398    4.041832025
    0.285599332   -0.349065850 -111.604373853  -35.188950694    5.131778205
    0.475998887   -0.349065850 -119.547065583  -46.393173876    6.494159561
    0.666398442   -0.349065850 -128.356944404  -43.661247000    8.483435478
    0.856797996   -0.349065850 -135.150491337  -25.387833424   10.981433794
    1.047197551   -0.349065850 -137.254614235    4.495529074   13.486085899
    1.237597106   -0.349065850 -133.213683265   37.517408889   15.398484961
    1.427996661   -0.349065850 -123.370905201   63.920928055   16.339390267
    1.618396215   -0.349065850 -109.756904398   76.283350507   16.315541148
    1.808795770   -0.349065850  -95.380987356   71.907420927   15.638507959
    1.999195325   -0.349065850  -83.297496161   52.912117156   14.685208592
    2.189594880   -0.349065850  -75.802309578   24.784897620   13.673669020
    2.379994435   -0.349065850  -73.993057361   -5.644288253   12.578391205
    2.570393989   -0.349065850  -77.678377743  -31.949774030   11.187619122
    2.760793544   -0.349065850  -85.576067755  -49.284440377    9.278806366
    2.951193099   -0.349065850  -95.696875491  -55.199236492    6.761131679

   -3.141592654    0.000000000 -104.648853692  -56.027250840    2.414269540
   -2.951193099    0.000000000 -114.150721835  -42.896569512   -0.853884155
   -2.760793544    0.000000000 -120.740462471  -26.397142961   -3.837892284
   -2.570393989    0.000000000 -124.345261492  -12.419456343   -6.430320234
   -2.379994435    0.000000000 -125.898357707   -5.300281422   -8.730739382
   -2.189594880    0.000000000 -126.854543224   -5.946320683  -10.962354577
   -1.999195325    0.000000000 -128.471381521  -11.468441364  -13.255158337
   -1.808795770    0.000000000 -131.192427268  -16.585709868  -15.410895052
   -1.618396215    0.000000000 -134.433931870  -16.260596310  -16.846906248
   -1.427996661    0.000000000 -136.880363000   -8.162592059  -16.813270736
   -1.237597106    0.000000000 -137.126752349    6.301103415  -14.817082084
   -1.047197551    0.000000000 -134.340524282   22.800552328  -10.982901448
   -0.856797996    0.000000000 -128.637295133   36.064923580   -6.099472220
   -0.666398442    0.000000000 -121.063695520   41.838908367   -1.295141027
   -0.475998887    0.000000000 -113.287077986   38.088420333    2.458680103
   -0.285599332    0.000000000 -107.127972324   25.098925047    4.734522041
   -0.095199777    0.000000000 -104.139660701    5.373650425    5.784963674
    0.095199777    0.000000000 -105.211048537  -16.671390011    6.361651026
    0.285599332    0.000000000 -110.244094875  -35.155138979    7.368301439
    0.475998887    0.000000000 -117.963510338  -43.956086301    9.448735787
    0.666398442    0.000000000 -126.060355202  -38.715727194   12.694117649
    0.856797996    0.000000000 -131.750557536  -19.025544376   16.571940895
    1.047197551    0.000000000 -132.644167224   10.538242058   20.166076070
    1.237597106    0.000000000 -127.611379626   41.693414408   22.596825878
    1.427996661    0.000000000 -117.214712453   65.540054976   23.395401236
    1.618396215    0.000000000 -103.518956471   75.648596676   22.647123104
    1.808795770    0.000000000  -89.409855896   69.910306390   20.845316930
    1.999195325    0.000000000  -77.764575954   50.427016287   18.573952636
    2.189594880    0.000000000  -70.751930273   22.229484341   16.228613340
    2.379994435    0.000000000  -69.442732978   -8.402779492   13.909859738
    2.570393989    0.000000000  -73.705906178  -35.336550246   11.483339183
    2.760793544    0.000000000  -82.339456652  -53.666840742    8.771689629
    2.951193099    0.000000000  -93.393980527  -60.589067457    5.707601277

   -3.141592654    0.349065850 -102.928615115  -61.427624640    1.305355701
   -2.951193099    0.349065850 -113.455079596  -48.170463357   -0.995664615
   -2.760793544    0.349065850 -121.009066994  -31.193938442   -2.899823020
   -2.570393989    0.349065850 -125.471267102  -16.623132688   -4.459172109
   -2.379994435    0.349065850 -127.779194512   -9.055237035   -5.839176197
   -2.189594880    0.349065850 -129.423847308   -9.432587583   -7.223780923
   -1.999195325    0.349065850 -131.671663263  -14.532711467   -8.660254444
   -1.808795770    0.349065850 -134.883854296  -18.511806564   -9.918975547
   -1.618396215    0.349065850 -138.298730644  -15.966784303  -10.512111444
   -1.427996661    0.349065850 -140.407358713   -4.828310854   -9.910942912
   -1.237597106    0.349065850 -139.731332747   12.531851422   -7.886688771
   -1.047197551    0.349065850 -135.580469381   30.591226533   -4.742252811
   -0.856797996    0.349065850 -128.407474275   43.352221589   -1.241461607
   -0.666398442    0.349065850 -119.648678622   46.760121108    1.754085520
   -0.475998887    0.349065850 -111.234732737   39.835797459    3.718918842
   -0.285599332    0.349065850 -105.007428756   24.274643977    4.710694973
   -0.095199777    0.349065850 -102.289427670    3.701784362    5.330976053
    0.095199777    0.349065850 -103.588697716  -17.047365981    6.419366877
    0.285599332    0.349065850 -108.427356624  -32.535544290    8.676793059
    0.475998887    0.349065850 -115.307827200  -37.791239179   12.337183697
    0.666398442    0.349065850 -121.952697634  -29.904770721   17.031147193
    0.856797996    0.349065850 -125.866886592   -9.593861637   21.874692851
    1.047197551    0.349065850 -125.093050631   18.252042044   25.793971573
    1.237597106    0.349065850 -118.900775475   45.971695683   27.940165690
    1.427996661    0.349065850 -108.066806498   65.895581419   27.987386841
    1.618396215    0.349065850  -94.627263217   72.809426418   26.188846364
    1.808795770    0.349065850  -81.255154999   65.259675682   23.180543449
    1.999195325    0.349065850  -70.559340045   45.288975657   19.662478793
    2.189594880    0.349065850  -64.504995442   17.375399081   16.138305370
    2.379994435    0.349065850  -64.079744660  -12.868861532   12.828083994
    2.570393989    0.349065850  -69.179510195  -39.727642494    9.726414540
    2.760793544    0.349065850  -78.673242587  -58.361837421    6.766021394
    2.951193099    0.349065850  -90.664869546  -65.725755756    3.931043763

   -3.141592654    0.698131701 -101.350038751  -64.513164082    0.382669541
   -2.951193099    0.698131701 -112.419506001  -50.773238882   -0.314899096
   -2.760793544    0.698131701 -120.428904189  -33.381050566   -0.595643628
   -2.570393989    0.698131701 -125.281549511  -18.559126133   -0.693378906
   -2.379994435    0.698131701 -127.950514617  -10.929077070   -0.827562724
   -2.189594880    0.698131701 -129.954419905  -11.322151902   -1.136440232
   -1.999195325    0.698131701 -132.551804402  -16.251337425   -1.631091333
   -1.808795770    0.698131701 -136.038232480  -19.569044843   -2.172467730
   -1.618396215    0.698131701 -139.543656960  -15.767833384   -2.519620081
   -1.427996661    0.698131701 -141.466842435   -3.073917973   -2.444449453
   -1.237597106    0.698131701 -140.331593656   15.477555984   -1.879118735
   -1.047197551    0.698131701 -135.582073162   33.724872223   -0.984275191
   -0.856797996    0.698131701 -127.888674543   45.511439374   -0.051224066
   -0.666398442    0.698131701 -118.870147127   47.297967104    0.715823281
   -0.475998887    0.698131701 -110.490394073   39.073478017    1.392460106
   -0.285599332    0.698131701 -104.438314699   23.457262157    2.362634173
   -0.095199777    0.698131701 -101.750847980    4.465568101    4.166491509
    0.095199777    0.698131701 -102.642603446  -13.368160649    7.226715494
    0.285599332    0.698131701 -106.459349146  -25.503010178   11.619502205
    0.475998887    0.698131701 -111.730015191  -28.128578077   16.953781778
    0.666398442    0.698131701 -116.415948942  -19.346761733   22.433002005
    0.856797996    0.698131701 -118.407119657   -0.326269593   27.066963747
    1.047197551    0.698131701 -116.146782999   24.347570378   29.983445183
    1.237597106    0.698131701 -109.181921824   47.936920197   30.712049980
    1.427996661    0.698131701  -98.360293364   63.932206267   29.297493377
    1.618396215    0.698131701  -85.585026192   68.031901296   26.215288462
    1.808795770    0.698131701  -73.274900477   59.120308803   22.145519295
    1.999195325    0.698131701  -63.776165327   39.012423819   17.738243454
    2.189594880    0.698131701  -58.870310683   11.652135509   13.465350664
    2.379994435    0.698131701  -59.465486728  -17.875839169    9.608855355
    2.570393989    0.698131701  -65.458756114  -44.134535633    6.309533074
    2.760793544    0.698131701  -75.747068163  -62.317224842    3.649175260
    2.951193099    0.698131701  -88.453788963  -69.264900415    1.672915989

   -3.141592654    1.047197551 -102.688202588  -65.436584836   -4.015689176
   -2.951193099    1.047197551 -113.826034022  -50.615051568   -3.020075608
   -2.760793544    1.047197551 -121.736383196  -32.563699159   -1.671121885
   -2.570393989    1.047197551 -126.404377284  -17.490267649   -0.321054957
   -2.379994435    1.047197551 -128.871275110   -9.903007124    0.809662483
   -2.189594880    1.047197551 -130.698203311  -10.501867518    1.641904644
   -1.999195325    1.047197551 -133.165338301  -15.706834680    2.165474410
   -1.808795770    1.047197551 -136.577150902  -19.335602305    2.368347619
   -1.618396215    1.047197551 -140.070856706  -15.888838973    2.210905320
   -1.427996661    1.047197551 -142.056327776   -3.624637064    1.667370084
   -1.237597106    1.047197551 -141.073365036   14.407318693    0.790705915
   -1.047197551    1.047197551 -136.575996571   32.159473253   -0.241921180
   -0.856797996    1.047197551 -129.205781492   43.763364211   -1.109267140
   -0.666398442    1.047197551 -120.482824073   46.094462185   -1.380329189
   -0.475998887    1.047197551 -112.196745885   39.481511201   -0.593057343
   -0.285599332    1.047197551 -105.826455447   26.546709280    1.626995675
   -0.095199777    1.047197551 -102.241398019   10.842751896    5.431553738
    0.095199777    1.047197551 -101.615915356   -3.923032236   10.631052942
    0.285599332    1.047197551 -103.426911940  -14.144698972   16.662082518
    0.475998887    1.047197551 -106.496739691  -16.713792058   22.643043347
    0.666398442    1.047197551 -109.169270047   -9.938637904   27.564049261
    0.856797996    1.047197551 -109.697136475    5.422819705   30.554807434
    1.047197551    1.047197551 -106.757866711   25.695983878   31.131471775
    1.237597106    1.047197551  -99.939204643   45.184627634   29.330494567
    1.427996661    1.047197551  -89.950431436   58.156555564   25.638563948
    1.618396215    1.047197551  -78.454515463   60.584521451   20.776065564
    1.808795770    1.047197551  -67.626301570   51.157370922   15.453806263
    1.999195325    1.047197551  -59.628978296   31.285871801   10.230456971
    2.189594880    1.047197551  -56.137088341    4.572462646    5.485103450
    2.379994435    1.047197551  -57.999003851  -24.067809569    1.485961418
    2.570393989    1.047197551  -65.069210182  -49.214231258   -1.558662039
    2.760793544    1.047197551  -76.201821620  -66.068526762   -3.493364721
    2.951193099    1.047197551  -89.486789574  -71.562533661   -4.273628589

   -3.141592654    1.396263402 -107.933545499  -63.484189917   -9.219820851
   -2.951193099    1.396263402 -118.517075790  -46.873255182   -7.549293010
   -2.760793544    1.396263402 -125.616169530  -27.931292544   -5.626709317
   -2.570393989    1.396263402 -129.385022455  -12.795571966   -3.771322223
   -2.379994435    1.396263402 -131.000526503   -5.722787752   -2.092932735
   -2.189594880    1.396263402 -132.110280573   -7.196693543   -0.542019830
   -1.999195325    1.396263402 -134.054448871  -13.571382619    0.918470616
   -1.808795770    1.396263402 -137.196524216  -18.698165301    2.164904266
   -1.618396215    1.396263402 -140.733812014  -17.020219269    2.911324104
   -1.427996661    1.396263402 -143.103444541   -6.492383702    2.890023118
   -1.237597106    1.396263402 -142.790424322   10.364666747    2.090303910
   -1.047197551    1.396263402 -139.086335569   28.085382043    0.883514389
   -0.856797996    1.396263402 -132.377054577   41.146437503   -0.044767255
   -0.666398442    1.396263402 -123.897186055   46.361434958    0.058811492
   -0.475998887    1.396263402 -115.205055170   43.574316935    1.744697597
   -0.285599332    1.396263402 -107.673918046   34.592001845    5.182566614
   -0.095199777    1.396263402 -102.237693339   22.029186792   10.096347361
    0.095199777    1.396263402  -99.308425813    8.762924173   15.810283441
    0.285599332    1.396263402  -98.730587106   -2.117890554   21.383954936
    0.475998887    1.396263402  -99.747523677   -7.508741518   25.795023821
    0.666398442    1.396263402 -101.070043881   -5.143126220   28.192396071
    0.856797996    1.396263402 -101.159789219    5.235991497   28.143203855
    1.047197551    1.396263402  -98.693507307   21.089709909   25.743919759
    1.237597106    1.396263402  -93.067616127   37.522199780   21.561917350
    1.427996661    1.396263402  -84.703338851   48.990980039   16.391377988
    1.618396215    1.396263402  -74.995243137   51.110316253   10.962088782
    1.808795770    1.396263402  -65.946500798   41.991884764    5.758428961
    1.999195325    1.396263402  -59.646481065   22.631437828    1.028171750
    2.189594880    1.396263402  -57.743537208   -3.426407731   -3.098869303
    2.379994435    1.396263402  -61.040451847  -31.054450183   -6.473326658
    2.570393989    1.396263402  -69.297770433  -54.578806879   -8.889026474
    2.760793544    1.396263402  -81.246193109  -69.170386631  -10.153777872
    2.951193099    1.396263402  -94.877139520  -72.051993257  -10.211523020

   -3.141592654    1.745329252 -114.273072968  -60.444659063  -15.919742326
   -2.951193099    1.745329252 -124.145175875  -42.595307950  -14.301559368
   -2.760793544    1.745329252 -130.385146983  -23.322141705  -12.257680344
   -2.570393989    1.745329252 -133.296729063   -8.468263443  -10.006884525
   -2.379994435    1.745329252 -134.134378699   -1.887523123   -7.600880090
   -2.189594880    1.745329252 -134.561972092   -3.875807374   -4.970830879
   -1.999195325    1.745329252 -135.933903769  -10.942133347   -2.108045719
   -1.808795770    1.745329252 -138.677222293  -17.246202072    0.773345031
   -1.618396215    1.745329252 -142.093742255  -17.280856741    3.235507533
   -1.427996661    1.745329252 -144.686444483   -8.532716995    4.839901614
   -1.237597106    1.745329252 -144.873923601    7.338466077    5.456249320
   -1.047197551    1.745329252 -141.717150877   25.657494377    5.427182465
   -0.856797996    1.745329252 -135.268510512   41.107949604    5.469131021
   -0.666398442    1.745329252 -126.459485126   49.986796619    6.337271399
   -0.475998887    1.745329252 -116.698769890   51.120016600    8.474440431
   -0.285599332    1.745329252 -107.419838898   45.173626135   11.833822533
   -0.095199777    1.745329252  -99.815275538   33.870241299   15.883478625
    0.095199777    1.745329252  -94.686989344   19.638257129   19.773807134
    0.285599332    1.745329252  -92.304505310    5.633326736   22.575889599
    0.475998887    1.745329252  -92.271826751   -4.416093360   23.516340613
    0.666398442    1.745329252  -93.496963293   -7.173026945   22.208997211
    0.856797996    1.745329252  -94.411966941   -1.180660707   18.799825847
    1.047197551    1.745329252  -93.457504523   11.939669054   13.910685848
    1.237597106    1.745329252  -89.680891240   27.533111150    8.418874328
    1.427996661    1.745329252  -83.179230062   39.574546487    3.128914265
    1.618396215    1.745329252  -75.157292640   42.826960882   -1.491543117
    1.808795770    1.745329252  -67.585982911   34.691846514   -5.363773340
    1.999195325    1.745329252  -62.612799468   15.941364302   -8.641313671
    2.189594880    1.745329252  -61.938421001   -9.614021686  -11.488205549
    2.379994435    1.745329252  -66.340700683  -36.368082339  -13.913672208
    2.570393989    1.745329252  -75.471918520  -58.311026595  -15.751626449
    2.760793544    1.745329252  -87.926678588  -70.661746280  -16.770228414
    2.951193099    1.745329252 -101.608367254  -71.081147110  -16.817390930

   -3.141592654    2.094395102 -121.274670851  -58.630527107  -18.856728377
   -2.951193099    2.094395102 -130.695675406  -39.750823976  -17.348882987
   -2.760793544    2.094395102 -136.328036839  -19.850882777  -15.327917952
   -2.570393989    2.094395102 -138.538275113   -4.593925052  -12.969920742
   -2.379994435    2.094395102 -138.597513205    2.435766517  -10.314289743
   -2.189594880    2.094395102 -138.147372969    1.025635217   -7.278352273
   -1.999195325    2.094395102 -138.536305266   -5.582789156   -3.809076960
   -1.808795770    2.094395102 -140.257345149  -12.006942973   -0.052802381
   -1.618396215    2.094395102 -142.753323870  -12.994785040    3.603300324
   -1.427996661    2.094395102 -144.668456345   -5.746835376    6.707909580
   -1.237597106    2.094395102 -144.455912266    8.856707928    9.022845158
   -1.047197551    2.094395102 -141.051005563   26.962395443   10.687597426
   -0.856797996    2.094395102 -134.265758528   43.544389118   12.137452404
   -0.666398442    2.094395102 -124.806361257   54.449146403   13.808524469
   -0.475998887    2.094395102 -113.998671946   57.555487184   15.842497722
   -0.285599332    2.094395102 -103.385642961   52.499955832   17.984663479
   -0.095199777    2.094395102  -94.436806369   40.341370348   19.656885124
    0.095199777    2.094395102  -88.307209626   23.393678672   20.178132007
    0.285599332    2.094395102  -85.585487393    5.263170556   19.008964189
    0.475998887    2.094395102  -86.062188131   -9.389203597   15.939192426
    0.666398442    2.094395102  -88.628354791  -16.061248854   11.210490551
    0.856797996    2.094395102  -91.482104727  -12.308782074    5.505252447
    1.047197551    2.094395102  -92.691257148    0.686259205   -0.264110076
    1.237597106    2.094395102  -90.921821813   17.930445606   -5.260619636
    1.427996661    2.094395102  -86.016042996   32.456715154   -9.016245931
    1.618396215    2.094395102  -79.122113540   37.986879932  -11.557940821
    1.808795770    2.094395102  -72.321379114   31.277066399  -13.284152541
    1.999195325    2.094395102  -67.936684923   13.057832005  -14.685873996
    2.189594880    2.094395102  -67.804108495  -12.442433020  -16.089872032
    2.379994435    2.094395102  -72.738767670  -39.064116484  -17.535561392
    2.570393989    2.094395102  -82.336355803  -60.414390971  -18.809185063
    2.760793544    2.094395102  -95.092851588  -71.643261053  -19.596677336
    2.951193099    2.094395102 -108.829252465  -70.633977231  -19.642497488

   -3.141592654    2.443460953 -127.560393980  -57.345581731  -13.335627212
   -2.951193099    2.443460953 -136.649503946  -37.591014741  -11.815119890
   -2.760793544    2.443460953 -141.799217110  -16.977009617   -9.919963272
   -2.570393989    2.443460953 -143.399973957   -1.069894207   -7.759034878
   -2.379994435    2.443460953 -142.717072234    6.735972739   -5.323858259
   -2.189594880    2.443460953 -141.355895425    6.318344202   -2.472867911
   -1.999195325    2.443460953 -140.635375908    0.750663445    0.953318320
   -1.808795770    2.443460953 -141.075287113   -4.985605009    4.951559360
   -1.618396215    2.443460953 -142.221647233   -5.973988068    9.248798563
   -1.427996661    2.443460953 -142.855201049    0.600974435   13.382820082
   -1.237597106    2.443460953 -141.522568790   14.268501119   16.921796413
   -1.047197551    2.443460953 -137.160237470   31.673844779   19.653337296
   -0.856797996    2.443460953 -129.510857471   47.965121436   21.593851542
   -0.666398442    2.443460953 -119.223868925   58.681111822   22.819059863
   -0.475998887    2.443460953 -107.661303609   61.120614718   23.267777569
   -0.285599332    2.443460953  -96.510062792   54.395073696   22.694019192
   -0.095199777    2.443460953  -87.450284110   39.431823736   20.750385880
    0.095199777    2.443460953  -81.829028912   18.879022477   17.191505353
    0.285599332    2.443460953  -80.324003424   -2.956487793   12.051663314
    0.475998887    2.443460953  -82.661893693  -20.521609133    5.738250458
    0.666398442    2.443460953  -87.505066951  -28.519547452   -0.990738322
    0.856797996    2.443460953  -92.702201824  -24.126367721   -7.182939595
    1.047197551    2.443460953  -95.956568505   -8.739088848  -11.984442841
    1.237597106    2.443460953  -95.671050014   11.842203451  -14.923599851
    1.427996661    2.443460953  -91.609640038   29.572441928  -16.064441640
    1.618396215    2.443460953  -85.034852686   37.312285625  -15.942442351
    1.808795770    2.443460953  -78.256916600   31.511823099  -15.288535262
    1.999195325    2.443460953  -73.828605734   13.165053683  -14.712245780
    2.189594880    2.443460953  -73.730734245  -12.925341084  -14.505153097
    2.379994435    2.443460953  -78.809663558  -40.028249232  -14.630499374
    2.570393989    2.443460953  -88.602658578  -61.411170643  -14.835846703
    2.760793544    2.443460953 -101.510765322  -72.159992447  -14.820643406
    2.951193099    2.443460953 -115.269643912  -70.307162468  -14.354079719

   -3.141592654    2.792526803 -131.082189076  -55.993447754    1.904862726
   -2.951193099    2.792526803 -139.860519549  -35.685938731    3.948476326
   -2.760793544    2.792526803 -144.590146631  -14.473508144    5.697325700
   -2.570393989    2.792526803 -145.651083703    2.110147132    7.151408397
   -2.379994435    2.792526803 -144.284034203   10.776237573    8.507962425
   -2.189594880    2.792526803 -142.050594840   11.476093996   10.138673490
   -1.999195325    2.792526803 -140.226561599    7.183769954   12.449563318
   -1.808795770    2.792526803 -139.329435511    2.560484147   15.658188284
   -1.618396215    2.792526803 -138.972968510    2.147306800   19.618988890
   -1.427996661    2.792526803 -138.064297549    8.551016176   23.821105301
   -1.237597106    2.792526803 -135.290526313   21.358788070   27.570263502
   -1.047197551    2.792526803 -129.700997167   37.405361184   30.236956866
   -0.856797996    2.792526803 -121.122377006   51.919420655   31.404663343
   -0.666398442    2.792526803 -110.291921273   60.321255657   30.869915020
   -0.475998887    2.792526803  -98.692082678   59.750561602   28.560166554
   -0.285599332    2.792526803  -88.143027579   49.350596348   24.498745596
   -0.095199777    2.792526803  -80.417433606   30.477955913   18.831696678
    0.095199777    2.792526803  -76.839980781    6.520204420   11.916670181
    0.285599332    2.792526803  -77.911921635  -17.386540681    4.356490185
    0.475998887    2.792526803  -83.041409707  -35.062668547   -3.041972745
    0.666398442    2.792526803  -90.494715168  -41.049204946   -9.405192858
    0.856797996    2.792526803  -97.747217554  -32.961381306  -13.990150084
    1.047197551    2.792526803 -102.264344904  -13.131449162  -16.407151724
    1.237597106    2.792526803 -102.415417427   11.505473870  -16.747139708
    1.427996661    2.792526803  -98.130789114   31.999290828  -15.536734779
    1.618396215    2.792526803  -90.961493235   40.878682084  -13.523880485
    1.808795770    2.792526803  -83.507900685   34.880994986  -11.373611606
    1.999195325    2.792526803  -78.519294233   15.638784930   -9.449392897
    2.189594880    2.792526803  -78.046895730  -11.426229172   -7.775984946
    2.379994435    2.792526803  -82.911865716  -39.206008070   -6.173786845
    2.570393989    2.792526803  -92.581210250  -60.873294799   -4.433735567
    2.760793544    2.792526803 -105.385563824  -71.567408725   -2.458632336
    2.951193099    2.792526803 -119.005487802  -69.412460418   -0.295500865
