   0.0000000    0.0335942
   0.0100000    0.0656717
   0.0200000    0.0763139
   0.0300000    0.0698933
   0.0400000    0.0708553
   0.0500000    0.0796920
   0.0600000    0.0916559
   0.0700000    0.0820410
   0.0800000    0.0878658
   0.0900000    0.0882549
   0.1000000    0.0789262
   0.1100000    0.0850783
   0.1200000    0.1023863
   0.1300000    0.0964967
   0.1400000    0.1023534
   0.1500000    0.1077047
   0.1600000    0.1018479
   0.1700000    0.1030550
   0.1800000    0.1027408
   0.1900000    0.1072433
   0.2000000    0.1107829
   0.2100000    0.1108381
   0.2200000    0.1016496
   0.2300000    0.1127890
   0.2400000    0.1241456
   0.2500000    0.1143557
   0.2600000    0.1334992
   0.2700000    0.1244579
   0.2800000    0.1015118
   0.2900000    0.1026772
   0.3000000    0.1004209
   0.3100000    0.0999478
   0.3200000    0.1070666
   0.3300000    0.1298314
   0.3400000    0.1133639
   0.3500000    0.1268704
   0.3600000    0.1085535
   0.3700000    0.0978488
   0.3800000    0.1032309
   0.3900000    0.1005849
   0.4000000    0.1005322
   0.4100000    0.1016789
   0.4200000    0.1037341
   0.4300000    0.1039499
   0.4400000    0.1031111
   0.4500000    0.1043231
   0.4600000    0.1181220
   0.4700000    0.1108030
   0.4800000    0.1262782
   0.4900000    0.1269677
   0.5000000    0.1232135
   0.5100001    0.1072802
   0.5200000    0.1101267
   0.5300000    0.1005055
   0.5400000    0.1161633
   0.5500000    0.0868997
   0.5600000    0.1083092
   0.5700001    0.1002704
   0.5800000    0.1051855
   0.5900000    0.1043312
   0.6000000    0.0970817
   0.6100000    0.1035474
   0.6200000    0.1122731
   0.6300001    0.0975463
   0.6400000    0.1068592
   0.6500000    0.1080825
   0.6600000    0.1096076
   0.6700000    0.1051976
   0.6800000    0.1056460
   0.6900001    0.0993899
   0.7000000    0.1064795
   0.7100000    0.1015265
   0.7200000    0.1053945
   0.7300000    0.1060973
   0.7400000    0.1016301
   0.7500001    0.1103096
   0.7600001    0.1082519
   0.7700000    0.0999733
   0.7800000    0.1102969
   0.7900000    0.1177520
   0.8000000    0.1101918
   0.8100001    0.1243256
   0.8200001    0.1120546
   0.8300000    0.1099294
   0.8400000    0.1183998
   0.8500000    0.1202987
   0.8600000    0.1057884
   0.8700001    0.1122422
   0.8800001    0.1108265
   0.8900000    0.1091475
   0.9000000    0.1110848
   0.9100000    0.1149850
   0.9200000    0.1182470
   0.9300001    0.1170328
   0.9400001    0.1070608
   0.9500000    0.1289569
   0.9600000    0.1157945
   0.9700000    0.1249025
   0.9800000    0.1202033
   0.9900001    0.1187100
   1.0000000    0.1159155
