   0.0100000    0.0573982
   0.0200000    0.0683925
   0.0300000    0.0624844
   0.0400000    0.0638204
   0.0500000    0.0758562
   0.0600000    0.0883040
   0.0700000    0.0770120
   0.0800000    0.0820451
   0.0900000    0.0820659
   0.1000000    0.0746943
   0.1100000    0.0793371
   0.1200000    0.0987085
   0.1300000    0.0934975
   0.1400000    0.0979451
   0.1500000    0.1043305
   0.1600000    0.0999125
   0.1700000    0.0982923
   0.1800000    0.0961332
   0.1900000    0.1026276
   0.2000000    0.1071584
   0.2100000    0.1082571
   0.2200000    0.1004284
   0.2300000    0.1100511
   0.2400000    0.1242028
   0.2500000    0.1124903
   0.2600000    0.1325191
   0.2700000    0.1231162
   0.2800000    0.1007377
   0.2900000    0.0998308
   0.3000000    0.0965561
   0.3100000    0.0966639
   0.3200000    0.1052034
   0.3300000    0.1292147
   0.3400000    0.1114336
   0.3500000    0.1240838
   0.3600000    0.1057322
   0.3700000    0.0960049
   0.3800000    0.1007306
   0.3900000    0.0999704
   0.4000000    0.0961140
   0.4100000    0.0988980
   0.4200000    0.0997921
   0.4300000    0.1024205
   0.4400000    0.1004175
   0.4500000    0.1045991
   0.4600000    0.1177415
   0.4700000    0.1091572
   0.4800000    0.1250736
   0.4900000    0.1253884
   0.5000000    0.1233343
   0.5100001    0.1058949
   0.5200000    0.1096894
   0.5300000    0.0989427
   0.5400000    0.1135031
   0.5500000    0.0834906
   0.5600000    0.1047956
   0.5700001    0.0973269
   0.5800000    0.1040241
   0.5900000    0.1025373
   0.6000000    0.0946076
   0.6100000    0.1034018
   0.6200000    0.1106936
   0.6300001    0.0989307
   0.6400000    0.1053904
   0.6500000    0.1052384
   0.6600000    0.1081727
   0.6700000    0.1025207
   0.6800000    0.1037666
   0.6900001    0.0973587
   0.7000000    0.1047585
   0.7100000    0.1004816
   0.7200000    0.1018160
   0.7300000    0.1031191
   0.7400000    0.1005165
   0.7500001    0.1092291
   0.7600001    0.1073867
   0.7700000    0.0980992
   0.7800000    0.1093224
   0.7900000    0.1157737
   0.8000000    0.1100551
   0.8100001    0.1251693
   0.8200001    0.1092328
   0.8300000    0.1075876
   0.8400000    0.1175964
   0.8500000    0.1176672
   0.8600000    0.1053627
   0.8700001    0.1102209
   0.8800001    0.1087943
   0.8900000    0.1070959
   0.9000000    0.1079576
   0.9100000    0.1133469
   0.9200000    0.1176375
   0.9300001    0.1155600
   0.9400001    0.1065603
   0.9500000    0.1284203
   0.9600000    0.1151797
   0.9700000    0.1244473
   0.9800000    0.1189157
   0.9900001    0.1172322
   1.0000000    0.1144423
